0 1065 0
0 1297 0
2 1734 0
3 1388 0
5 22 0
10 1185 0
11 1649 0
16 112 0
17 2069 0
18 2237 0
20 1967 0
20 2421 0
22 366 0
23 1168 0
23 1666 0
24 106 0
28 513 0
29 1677 0
29 2385 0
35 494 0
36 459 0
40 1683 0
45 1923 0
46 1227 0
46 2255 0
46 2344 0
47 168 0
48 746 0
54 2314 0
55 1499 0
58 1856 0
60 1896 0
61 2089 0
64 1588 0
68 1060 0
69 293 0
70 1676 0
70 2066 0
71 1851 0
75 1376 0
76 237 0
81 479 0
82 211 0
82 715 0
88 1896 0
89 2335 0
94 126 0
95 67 0
96 1964 0
96 2326 0
101 2097 0
103 723 0
104 921 0
105 814 0
110 1073 0
114 2404 0
117 1084 0
117 2181 0
124 1225 0
128 119 0
129 790 0
131 1953 0
133 1799 0
135 19 0
135 1639 0
138 6 0
144 1413 0
145 2238 0
147 87 0
148 1519 0
150 1587 0
152 861 0
153 2022 0
158 2253 0
159 1906 0
164 1257 0
166 1451 0
171 211 0
171 1192 0
173 1230 0
174 334 0
177 1751 0
181 2121 0
182 1043 0
184 1092 0
187 1786 0
187 2015 0
191 1617 0
195 1697 0
197 928 0
197 1185 0
198 1501 0
203 1165 0
204 1496 0
205 2319 0
208 159 0
209 457 0
212 420 0
213 1772 0
214 2147 0
219 411 0
222 1952 0
224 608 0
225 62 0
232 897 0
233 411 0
238 1697 0
239 2011 0
240 21 0
243 1726 0
243 1959 0
245 491 0
247 1186 0
248 2139 0
251 1782 0
252 1395 0
253 55 0
253 301 0
254 1842 0
263 623 0
264 1154 0
266 2051 0
267 892 0
270 739 0
273 229 0
275 46 0
275 295 0
277 2139 0
281 2405 0
282 2284 0
284 2349 0
286 456 0
286 1020 0
288 869 0
290 472 0
291 589 0
293 1509 0
293 1743 0
294 341 0
294 1798 0
294 2297 0
295 1961 0
296 469 0
298 1522 0
298 1636 0
298 1848 0
300 110 0
300 1009 0
301 1326 0
303 808 0
304 2002 0
305 971 0
316 104 0
319 522 0
321 113 0
322 1547 0
323 249 0
324 92 0
326 1487 0
327 336 0
327 659 0
334 1752 0
337 2013 0
346 1387 0
347 2115 0
354 1336 0
355 1629 0
359 361 0
368 1196 0
370 1977 0
371 1735 0
374 190 0
376 1618 0
377 1177 0
379 1311 0
381 1241 0
385 2058 0
391 1441 0
392 1007 0
396 1779 0
400 2200 0
401 889 0
401 1817 0
405 1015 0
406 2148 0
414 1155 0
417 134 0
422 115 0
422 2041 0
425 202 0
430 710 0
430 899 0
430 2249 0
431 1913 0
432 2151 0
437 1376 0
439 985 0
441 1196 0
442 2369 0
443 1503 0
444 1196 0
444 2422 0
448 677 0
457 1799 0
458 2243 0
460 295 0
461 95 0
462 1624 0
463 1957 0
464 2399 0
465 459 0
465 1283 0
467 559 0
467 605 0
472 305 0
473 1224 0
479 448 0
480 703 0
481 967 0
485 1062 0
486 1989 0
486 2122 0
486 2330 0
488 1167 0
489 965 0
489 1010 0
494 1591 0
498 278 0
499 158 0
499 2055 0
500 31 0
501 1561 0
501 2431 0
508 168 0
508 1315 0
509 1861 0
509 2160 0
512 931 0
520 1182 0
521 1399 0
525 1795 0
527 672 0
531 2207 0
534 134 0
537 1584 0
540 3 0
545 298 0
546 506 0
546 590 0
555 2078 0
556 1543 0
556 2206 0
560 762 0
560 2029 0
561 2365 0
564 2067 0
564 2376 0
566 912 0
568 380 0
568 982 0
571 1208 0
573 69 0
575 823 0
575 1518 0
578 1495 0
582 1824 0
582 2382 0
583 180 0
583 221 0
583 1218 0
584 1543 0
585 907 0
585 2090 0
588 2178 0
590 2324 0
594 679 0
594 1491 0
597 751 0
599 782 0
604 501 0
606 2010 0
610 247 0
612 1591 0
613 2452 0
615 563 0
616 170 0
618 2351 0
619 861 0
622 1706 0
622 2031 0
625 146 0
625 661 0
625 1502 0
627 667 0
627 1081 0
627 1717 0
627 2253 0
629 2263 0
631 425 0
636 404 0
638 632 0
641 1523 0
644 1638 0
645 251 0
650 1940 0
650 2403 0
651 151 0
652 1846 0
657 934 0
657 2157 0
658 1818 0
660 2193 0
661 787 0
662 1392 0
662 2443 0
665 48 0
665 930 0
665 2167 0
666 997 0
667 2268 0
668 2224 0
669 2309 0
673 588 0
676 1016 0
676 1308 0
679 1110 0
681 1111 0
682 2022 0
684 2444 0
685 254 0
686 773 0
690 264 0
690 925 0
692 1466 0
692 1743 0
693 353 0
693 2085 0
694 1710 0
695 1200 0
701 278 0
701 496 0
703 780 0
703 819 0
704 1892 0
706 1337 0
707 2130 0
710 2309 0
712 1164 0
713 470 0
716 976 0
718 23 0
724 856 0
725 2188 0
727 40 0
730 1444 0
730 2066 0
731 1488 0
733 2117 0
736 353 0
736 1834 0
741 2345 0
742 2378 0
743 2272 0
749 1644 0
751 1135 0
755 880 0
757 825 0
760 574 0
760 1643 0
761 1163 0
763 1371 0
764 71 0
764 200 0
767 945 0
767 1744 0
767 2070 0
770 1991 0
772 1517 0
773 1193 0
776 401 0
781 869 0
781 2430 0
782 905 0
783 1182 0
784 19 0
789 2064 0
791 1779 0
796 76 0
798 1691 0
799 1276 0
800 471 0
800 1638 0
801 1447 0
806 2130 0
809 1164 0
811 1692 0
812 2011 0
816 2252 0
817 282 0
817 432 0
817 844 0
817 1181 0
821 119 0
821 1242 0
821 1464 0
829 742 0
829 2384 0
831 2301 0
833 856 0
833 1283 0
834 203 0
836 605 0
836 2332 0
839 878 0
839 1383 0
845 817 0
845 2431 0
851 1149 0
851 2443 0
853 353 0
853 1091 0
853 2094 0
855 709 0
857 2260 0
859 1812 0
859 1840 0
863 820 0
864 815 0
866 1650 0
871 99 0
871 1267 0
873 1400 0
874 78 0
882 1675 0
889 979 0
892 1361 0
892 1580 0
893 1178 0
896 14 0
899 1453 0
902 1256 0
902 2407 0
904 1188 0
906 1497 0
907 46 0
910 1498 0
912 2268 0
913 1595 0
914 1960 0
922 1501 0
923 743 0
923 1590 0
925 1690 0
928 1187 0
929 1673 0
931 1855 0
935 739 0
939 757 0
952 1109 0
954 132 0
961 532 0
962 1108 0
963 1068 0
963 1099 0
963 2311 0
964 504 0
965 866 0
967 1154 0
971 1299 0
973 581 0
980 552 0
980 2382 0
981 2033 0
983 1027 0
985 1924 0
988 1755 0
991 848 0
993 232 0
994 371 0
998 541 0
999 1259 0
1001 176 0
1002 1789 0
1006 1694 0
1007 552 0
1007 2319 0
1011 2011 0
1012 813 0
1012 2083 0
1013 1438 0
1014 1016 0
1014 1365 0
1018 1572 0
1021 683 0
1022 222 0
1032 135 0
1032 1942 0
1034 2018 0
1037 348 0
1039 335 0
1040 1433 0
1042 2449 0
1044 547 0
1044 957 0
1046 1526 0
1049 395 0
1051 1775 0
1052 1585 0
1054 199 0
1059 364 0
1059 2433 0
1062 756 0
1067 1475 0
1073 2118 0
1075 1452 0
1078 2242 0
1079 222 0
1080 840 0
1082 931 0
1082 1362 0
1090 1785 0
1094 1486 0
1094 2380 0
1097 1386 0
1098 203 0
1098 2299 0
1104 2437 0
1108 2275 0
1117 319 0
1117 1454 0
1119 804 0
1119 2385 0
1120 601 0
1120 714 0
1121 1275 0
1121 1515 0
1124 18 0
1124 236 0
1125 630 0
1128 755 0
1129 288 0
1129 447 0
1131 1071 0
1134 2326 0
1136 1567 0
1139 470 0
1142 2008 0
1143 914 0
1146 2296 0
1147 1787 0
1147 2341 0
1148 967 0
1150 274 0
1151 1567 0
1158 706 0
1159 1296 0
1161 451 0
1161 459 0
1162 1577 0
1163 909 0
1163 1092 0
1165 295 0
1165 789 0
1166 2003 0
1169 1437 0
1170 1637 0
1171 1786 0
1172 361 0
1172 1877 0
1173 1173 0
1173 2002 0
1173 2373 0
1176 878 0
1179 1641 0
1179 2053 0
1180 434 0
1181 1006 0
1183 1069 0
1183 1949 0
1190 172 0
1190 1519 0
1195 108 0
1196 489 0
1198 2240 0
1199 261 0
1199 861 0
1200 298 0
1200 1345 0
1201 540 0
1203 466 0
1206 1097 0
1211 68 0
1211 1348 0
1211 2027 0
1214 1477 0
1214 2129 0
1216 2079 0
1217 418 0
1219 64 0
1220 1826 0
1224 11 0
1225 538 0
1226 2333 0
1227 1245 0
1228 86 0
1228 2224 0
1229 1743 0
1230 2318 0
1230 2437 0
1231 1176 0
1233 876 0
1234 2273 0
1235 59 0
1235 2449 0
1237 741 0
1242 2005 0
1243 1798 0
1247 1925 0
1247 2200 0
1248 1167 0
1250 671 0
1252 1076 0
1255 550 0
1255 1114 0
1257 2086 0
1260 2256 0
1262 1527 0
1264 1750 0
1266 899 0
1266 1094 0
1266 1249 0
1269 1871 0
1270 2074 0
1271 5 0
1272 397 0
1272 2219 0
1273 508 0
1273 1777 0
1274 2088 0
1275 1755 0
1276 2413 0
1277 2042 0
1279 583 0
1279 974 0
1283 77 0
1283 2276 0
1284 212 0
1286 1826 0
1287 1937 0
1289 1290 0
1291 2024 0
1294 1570 0
1295 376 0
1299 1103 0
1304 166 0
1304 844 0
1305 1053 0
1306 1408 0
1309 195 0
1310 1336 0
1312 348 0
1317 598 0
1320 1979 0
1321 2288 0
1325 998 0
1327 2274 0
1328 623 0
1329 89 0
1332 1598 0
1338 1974 0
1342 2147 0
1344 2281 0
1352 1195 0
1352 1413 0
1356 1229 0
1356 2439 0
1362 405 0
1364 339 0
1365 1633 0
1366 1063 0
1366 1318 0
1370 1448 0
1372 1229 0
1373 131 0
1373 924 0
1374 1135 0
1385 1945 0
1386 110 0
1389 1143 0
1389 1937 0
1392 2051 0
1395 113 0
1401 2170 0
1402 1895 0
1404 1429 0
1407 219 0
1412 1318 0
1413 940 0
1413 2268 0
1414 2115 0
1415 2363 0
1419 351 0
1423 341 0
1423 895 0
1427 1702 0
1429 1598 0
1429 1608 0
1429 1617 0
1431 1769 0
1435 103 0
1435 631 0
1436 1471 0
1437 956 0
1437 2125 0
1440 1891 0
1440 2161 0
1445 374 0
1445 1535 0
1448 486 0
1448 779 0
1449 1158 0
1451 63 0
1451 1885 0
1452 1452 0
1452 1628 0
1453 1400 0
1454 1578 0
1457 502 0
1458 316 0
1458 1496 0
1458 1948 0
1459 334 0
1460 303 0
1462 186 0
1462 389 0
1469 1608 0
1470 1659 0
1473 716 0
1473 1638 0
1473 2313 0
1474 2098 0
1476 707 0
1478 1586 0
1482 1003 0
1482 1441 0
1489 399 0
1491 340 0
1491 842 0
1492 1336 0
1493 2225 0
1496 451 0
1496 1268 0
1497 1735 0
1497 2084 0
1499 1127 0
1500 606 0
1500 1454 0
1502 1325 0
1503 561 0
1506 111 0
1508 983 0
1508 1578 0
1509 978 0
1511 308 0
1516 1690 0
1517 1587 0
1518 1546 0
1520 10 0
1521 1772 0
1522 395 0
1523 1222 0
1524 938 0
1525 504 0
1528 2186 0
1531 1659 0
1535 991 0
1536 2128 0
1538 1340 0
1539 789 0
1541 828 0
1542 2039 0
1542 2120 0
1545 1456 0
1548 2135 0
1554 179 0
1555 1336 0
1558 775 0
1558 2352 0
1562 3 0
1563 1394 0
1567 2146 0
1568 1486 0
1577 1665 0
1577 1903 0
1577 2148 0
1579 2452 0
1581 122 0
1581 973 0
1582 857 0
1584 882 0
1585 1456 0
1587 596 0
1593 994 0
1596 645 0
1596 789 0
1596 1029 0
1597 821 0
1597 1285 0
1602 86 0
1605 1569 0
1609 2127 0
1610 1175 0
1611 29 0
1612 13 0
1613 1894 0
1614 876 0
1616 539 0
1616 1769 0
1621 210 0
1621 1106 0
1623 1585 0
1629 180 0
1630 2276 0
1634 1229 0
1635 2334 0
1637 1917 0
1638 2446 0
1640 2192 0
1643 460 0
1643 1002 0
1649 1065 0
1654 2314 0
1655 1869 0
1656 1130 0
1659 455 0
1659 1819 0
1661 1918 0
1663 2095 0
1666 585 0
1667 170 0
1668 386 0
1668 1456 0
1678 309 0
1679 1818 0
1680 790 0
1680 1006 0
1680 1585 0
1680 2356 0
1681 547 0
1681 1319 0
1686 1351 0
1692 255 0
1698 1571 0
1699 1007 0
1700 1960 0
1705 1153 0
1706 1539 0
1707 1183 0
1709 1086 0
1710 1114 0
1715 2441 0
1717 1793 0
1719 639 0
1719 1457 0
1720 76 0
1720 1357 0
1722 1924 0
1724 91 0
1728 2295 0
1731 23 0
1731 255 0
1736 544 0
1739 1852 0
1740 599 0
1740 1921 0
1741 690 0
1743 1839 0
1744 178 0
1744 756 0
1745 788 0
1747 196 0
1747 1993 0
1750 984 0
1754 1288 0
1756 144 0
1757 1411 0
1757 1524 0
1759 365 0
1759 1178 0
1766 827 0
1767 936 0
1771 1508 0
1773 944 0
1775 2056 0
1775 2203 0
1776 1835 0
1777 2061 0
1778 2147 0
1780 1927 0
1782 1789 0
1785 1517 0
1785 1698 0
1789 1605 0
1790 0 0
1797 1814 0
1798 123 0
1798 135 0
1798 343 0
1798 2349 0
1800 848 0
1803 457 0
1806 1524 0
1806 1686 0
1811 1983 0
1812 197 0
1820 918 0
1820 2097 0
1822 696 0
1822 831 0
1823 1789 0
1824 679 0
1825 665 0
1827 1955 0
1829 841 0
1832 966 0
1832 1107 0
1833 1114 0
1833 1168 0
1833 1702 0
1843 945 0
1843 1745 0
1847 349 0
1851 1266 0
1854 2413 0
1855 655 0
1858 690 0
1859 321 0
1868 2439 0
1870 913 0
1870 1312 0
1872 1671 0
1873 821 0
1873 2017 0
1874 1442 0
1874 2002 0
1876 2336 0
1880 1630 0
1883 587 0
1884 865 0
1884 988 0
1885 49 0
1887 271 0
1887 2134 0
1894 1401 0
1898 339 0
1900 1984 0
1901 698 0
1902 2341 0
1907 1341 0
1909 2144 0
1910 2086 0
1910 2137 0
1911 1644 0
1912 2211 0
1912 2463 0
1914 1279 0
1917 1738 0
1919 2009 0
1921 1072 0
1926 95 0
1926 1804 0
1926 2138 0
1935 109 0
1936 315 0
1938 1758 0
1940 178 0
1941 529 0
1943 199 0
1944 153 0
1947 1250 0
1949 2237 0
1951 1613 0
1952 953 0
1963 285 0
1963 2296 0
1967 659 0
1971 525 0
1973 640 0
1973 934 0
1976 2388 0
1979 2235 0
1985 2283 0
1986 1437 0
1992 2137 0
1994 2102 0
1996 1544 0
2001 1609 0
2002 348 0
2003 2217 0
2005 1257 0
2014 2 0
2015 96 0
2022 2391 0
2023 832 0
2024 269 0
2024 576 0
2029 697 0
2035 1362 0
2042 224 0
2054 450 0
2054 998 0
2054 2114 0
2056 1024 0
2057 107 0
2058 1232 0
2060 532 0
2063 2376 0
2064 1688 0
2069 125 0
2069 655 0
2074 2092 0
2078 1124 0
2080 2291 0
2084 567 0
2084 1230 0
2085 2221 0
2086 2265 0
2088 271 0
2088 1005 0
2096 1813 0
2097 222 0
2102 1790 0
2104 1151 0
2104 1710 0
2105 1918 0
2106 1982 0
2108 2031 0
2110 138 0
2112 1188 0
2113 1779 0
2115 729 0
2116 83 0
2117 1536 0
2119 1625 0
2124 328 0
2124 688 0
2124 944 0
2126 633 0
2129 1723 0
2132 271 0
2135 1554 0
2138 83 0
2146 178 0
2157 1355 0
2161 1373 0
2162 25 0
2167 1855 0
2167 2413 0
2171 1231 0
2171 1697 0
2174 774 0
2175 1211 0
2176 2031 0
2177 2294 0
2183 694 0
2187 903 0
2188 598 0
2188 656 0
2193 460 0
2194 1877 0
2197 739 0
2200 82 0
2205 1592 0
2206 65 0
2207 2078 0
2209 455 0
2209 947 0
2209 973 0
2211 99 0
2211 1990 0
2217 57 0
2217 1648 0
2217 2049 0
2223 1702 0
2225 857 0
2226 91 0
2227 1746 0
2228 377 0
2229 63 0
2232 1891 0
2233 948 0
2235 1845 0
2235 2224 0
2236 1997 0
2238 2179 0
2239 1704 0
2240 65 0
2240 1102 0
2240 1554 0
2240 1743 0
2241 507 0
2241 791 0
2246 2080 0
2248 697 0
2249 1463 0
2251 1767 0
2251 1945 0
2254 579 0
2257 1454 0
2258 234 0
2259 2046 0
2263 673 0
2264 520 0
2265 2347 0
2266 1307 0
2269 716 0
2270 674 0
2271 1636 0
2271 1735 0
2272 1881 0
2273 562 0
2275 924 0
2282 2369 0
2283 1504 0
2284 356 0
2286 2099 0
2294 2436 0
2299 661 0
2302 4 0
2304 90 0
2304 2014 0
2306 2417 0
2310 874 0
2314 2092 0
2319 731 0
2319 2094 0
2319 2459 0
2320 102 0
2324 1625 0
2325 2428 0
2326 247 0
2329 692 0
2330 1086 0
2333 944 0
2335 127 0
2336 580 0
2336 1925 0
2338 1501 0
2340 603 0
2343 241 0
2348 2186 0
2349 869 0
2350 1248 0
2354 2188 0
2356 823 0
2357 1416 0
2363 199 0
2363 1883 0
2363 2158 0
2367 2402 0
2369 116 0
2370 307 0
2371 1314 0
2374 1865 0
2378 2376 0
2379 1659 0
2386 2441 0
2387 612 0
2394 2422 0
2395 494 0
2395 1652 0
2395 2426 0
2396 615 0
2397 1618 0
2398 2450 0
2400 2142 0
2401 352 0
2402 1053 0
2405 2395 0
2412 417 0
2420 2399 0
2423 492 0
2426 1992 0
2427 120 0
2429 479 0
2434 932 0
2442 1682 0
2446 278 0
2448 1387 0
2452 2268 0
2453 580 0
2454 1585 0
2463 2080 0
2467 988 0
2468 826 0
2470 376 0
2470 1556 0
2471 778 0
2474 320 0
2475 2144 0
2476 1808 0
2479 1832 0
2482 984 0
2483 722 0
2484 2101 0
2485 1334 0
2485 1497 0
2485 1621 0
2489 1448 0
2490 2226 0
2492 232 0
2492 2093 0
2493 1264 0
2493 1624 0
2494 1637 0
2495 190 0
2499 517 0
2499 1086 0
2499 1706 0
2499 1838 0
2501 1899 0
2502 1049 0
2506 1176 0
2507 1351 0
2511 1145 0
2513 926 0
2517 1006 0
2518 343 0
2522 1435 0
2526 973 0
2526 1641 0
2527 372 0
2534 1333 0
2535 1400 0
2535 1416 0
2535 1670 0
2535 2410 0
2536 810 0
2536 1949 0
2541 1277 0
2547 2367 0
2549 2268 0
2550 957 0
2552 1171 0
2554 859 0
2554 2223 0
2555 1122 0
2556 720 0
2556 1151 0
2556 1183 0
2557 288 0
2557 994 0
2559 1432 0
2561 16 0
2565 430 0
2565 2003 0
2572 2201 0
2573 119 0
2573 1578 0
2576 2006 0
2578 490 0
2578 2070 0
2586 847 0
2587 840 0
2588 928 0
2589 79 0
2589 1003 0
2590 2355 0
2597 48 0
2598 1754 0
2600 1238 0
2601 1953 0
2607 2020 0
2608 2087 0
2615 1825 0
2616 2331 0
2621 2418 0
2622 157 0
2627 373 0
2627 682 0
2628 1156 0
2635 1249 0
2636 1219 0
2638 1381 0
2643 579 0
2646 580 0
2648 1736 0
2649 2296 0
2654 1080 0
2659 220 0
2659 1641 0
2661 413 0
2662 1596 0
2662 2070 0
2664 397 0
2665 158 0
2665 1481 0
2670 2296 0
2672 1537 0
2673 541 0
2676 904 0
2678 105 0
2678 1147 0
2679 1595 0
2682 770 0
2682 1975 0
2685 512 0
2687 59 0
2689 2127 0
2692 744 0
2699 216 0
2699 991 0
2699 1057 0
2700 2265 0
2701 1625 0
2702 1861 0
2709 45 0
2711 1801 0
2714 92 0
2714 1384 0
2716 2336 0
2718 2420 0
2722 859 0
2724 493 0
2729 1416 0
2730 2088 0
2731 2076 0
2736 254 0
2736 514 0
2736 2378 0
2737 2335 0
2741 2204 0
2746 2379 0
2748 1542 0
2753 2229 0
2757 756 0
2758 1859 0
2759 385 0
2759 1693 0
2760 378 0
2761 1251 0
2761 1440 0
2762 117 0
2762 1243 0
2764 996 0
2765 164 0
2765 2326 0
2766 1348 0
2766 1515 0
2769 900 0
2772 687 0
2773 1714 0
2774 2076 0
2776 111 0
2777 1306 0
2778 508 0
2781 898 0
2782 2392 0
2795 2373 0
2796 1575 0
2801 1663 0
2801 1870 0
2802 1266 0
2806 2368 0
2815 197 0
2815 723 0
2815 2357 0
2817 179 0
2817 1493 0
2818 1773 0
2819 1843 0
2821 1736 0
2823 1082 0
2824 2318 0
2828 535 0
2832 262 0
2833 1375 0
2835 1389 0
2841 2455 0
2842 867 0
2844 751 0
2848 1479 0
2849 950 0
2850 149 0
2851 464 0
2853 335 0
2853 831 0
2854 1942 0
2855 1624 0
2864 1646 0
2868 1136 0
2869 950 0
2871 40 0
2871 554 0
2879 1467 0
2880 711 0
2885 1889 0
2886 1594 0
2887 1939 0
2889 690 0
2896 2435 0
2900 2311 0
2905 1434 0
2907 2248 0
2909 1376 0
2916 689 0
2919 1513 0
2920 222 0
2920 662 0
2920 1490 0
2920 1958 0
2921 471 0
2921 1910 0
2922 2310 0
2923 1370 0
2926 564 0
2926 796 0
2927 2427 0
2936 1761 0
2937 57 0
2937 491 0
2947 539 0
2947 1927 0
2947 2320 0
2950 173 0
2952 1164 0
2953 1346 0
2958 1658 0
2958 1991 0
2964 2458 0
2966 474 0
2967 28 0
2974 1433 0
2981 1657 0
2981 1658 0
2982 1940 0
2983 2098 0
2983 2154 0
2985 772 0
2985 2140 0
2987 1939 0
2989 1749 0
2990 1512 0
2995 353 0
2995 1109 0
2995 1799 0
2999 531 0
3002 1958 0
3004 851 0
3009 1193 0
3009 1399 0
3011 416 0
3011 1628 0
3011 2045 0
3015 600 0
3018 1721 0
3020 2181 0
3022 399 0
3022 649 0
3027 1343 0
3030 2339 0
3031 933 0
3035 1458 0
3036 155 0
3037 2330 0
3038 514 0
3039 1622 0
3040 1497 0
3050 743 0
3050 1159 0
3051 709 0
3057 258 0
3063 21 0
3063 1808 0
3065 862 0
3078 302 0
3081 883 0
3081 1227 0
3083 501 0
3083 2420 0
3088 1956 0
3096 983 0
3099 341 0
3102 98 0
3104 372 0
3104 538 0
3104 1105 0
3104 1122 0
3107 1271 0
3108 2345 0
3109 397 0
3110 1044 0
3114 430 0
3116 311 0
3116 2245 0
3122 1906 0
3125 1528 0
3126 1410 0
3130 1523 0
3132 893 0
3132 1079 0
3133 1490 0
3136 38 0
3137 1179 0
3143 1516 0
3145 2137 0
3147 1731 0
3150 1740 0
3152 857 0
3152 2377 0
3153 161 0
3155 1237 0
3162 518 0
3164 1871 0
3164 1952 0
3165 238 0
3165 2343 0
3168 1169 0
3170 294 0
3172 2282 0
3174 2383 0
3176 379 0
3176 673 0
3180 233 0
3180 2427 0
3184 1961 0
3186 323 0
3186 375 0
3186 1056 0
3193 2130 0
3195 455 0
3195 2227 0
3196 359 0
3196 530 0
3197 2125 0
3199 1436 0
3202 387 0
3202 1338 0
3203 2051 0
3205 612 0
3205 1783 0
3208 1689 0
3212 2026 0
3214 1522 0
3215 418 0
3218 751 0
3219 1961 0
3220 425 0
3221 457 0
3227 806 0
3228 720 0
3229 79 0
3232 1807 0
3232 2441 0
3233 503 0
3237 836 0
3240 1205 0
3240 2080 0
3244 2245 0
3247 132 0
3249 1822 0
3251 845 0
3252 1002 0
3252 1026 0
3253 1069 0
3253 1160 0
3255 1417 0
3256 691 0
3257 99 0
3257 934 0
3258 339 0
3258 733 0
3258 2448 0
3263 482 0
3265 187 0
3265 958 0
3266 549 0
3266 678 0
3267 443 0
3267 490 0
3267 1532 0
3268 204 0
3271 1806 0
3271 2201 0
3271 2451 0
3278 1621 0
3279 843 0
3279 1021 0
